x,y,z,abs_datetime,milliseconds,time_diff,x_deg,y_deg,x_deg_diff,y_deg_diff,dist_deg,velocity_deg_s,avg_velocity_deg_s
0.18988300000000014,0.7521540000000001,0.0,2025-01-30 14:07:44.104,244.0,122.0,-16.10819,27.10078,-0.104020000000002,-0.4421900000000001,0.4542600097961524,3.723442703247151,35.32435744312403
0.18887100000000018,0.7516470000000001,0.0,2025-01-30 14:07:44.227,367.0,123.0,-16.179029999999997,27.06529,-0.0708399999999969,-0.0354900000000029,0.079232857451942,0.6441695727800166,35.32435744312403
0.25197600000000014,0.7833940000000001,0.0,2025-01-30 14:07:44.349,489.0,122.0,-11.76168,29.28758,4.417349999999997,2.2222900000000045,4.944851248177239,40.53156760801016,35.32435744312403
0.42310000000000014,0.7269460000000001,0.0,2025-01-30 14:07:44.471,611.0,122.0,0.2169999999999994,25.33622,11.97868,-3.951360000000001,12.61356493589342,103.38987652371657,35.32435744312403
0.4358360000000001,0.7355460000000001,0.0,2025-01-30 14:07:44.593,733.0,122.0,1.1085199999999973,25.93822,0.8915199999999979,0.6020000000000003,1.075737844644315,8.81752331675668,35.32435744312403
0.5047610000000001,0.7077430000000001,0.0,2025-01-30 14:07:44.716,856.0,123.0,5.933269999999999,23.99201,4.824750000000002,-1.9462100000000009,5.202494202457127,42.29670083298477,35.32435744312403
0.41506800000000016,0.6529820000000001,0.0,2025-01-30 14:07:44.838,978.0,122.0,-0.3452399999999994,20.15874,-6.278509999999998,-3.8332700000000015,7.3561978435194355,60.29670363540521,35.32435744312403
0.38729800000000014,0.6488100000000001,0.0,2025-01-30 14:07:44.960,1100.0,122.0,-2.2891400000000006,19.8667,-1.943900000000001,-0.2920399999999965,1.965714773714641,16.112416177988862,35.32435744312403
0.13901500000000014,0.5442760000000001,0.0,2025-01-30 14:07:45.082,1222.0,122.0,-19.66895,12.54932,-17.379810000000003,-7.317380000000002,18.857408244520247,154.5689200370512,35.32435744312403
0.13434800000000016,0.5399630000000001,0.0,2025-01-30 14:07:45.204,1344.0,122.0,-19.99564,12.24741,-0.3266899999999992,-0.3019100000000012,0.4448325574865224,3.646168503987888,35.32435744312403
0.13711200000000015,0.5436350000000001,0.0,2025-01-30 14:07:45.327,1467.0,123.0,-19.80216,12.50445,0.1934800000000009,0.2570399999999999,0.3217204873799621,2.6156137185362773,35.32435744312403
0.13619000000000014,0.5475690000000001,0.0,2025-01-30 14:07:45.450,1590.0,123.0,-19.8667,12.77983,-0.0645400000000009,0.2753800000000002,0.2828419275850032,2.2995278665447416,35.32435744312403
0.13354100000000016,0.5560480000000001,0.0,2025-01-30 14:07:45.572,1712.0,122.0,-20.05213,13.37336,-0.1854300000000002,0.5935300000000012,0.6218216350369304,5.096898647843692,35.32435744312403
0.27328200000000014,0.5992570000000002,0.0,2025-01-30 14:07:45.694,1834.0,122.0,-10.27026,16.397990000000004,9.78187,3.024630000000004,10.238816695976157,83.92472701619799,35.32435744312403
0.2654960000000002,0.5860930000000001,0.0,2025-01-30 14:07:45.816,1956.0,122.0,-10.815279999999998,15.47651,-0.5450199999999974,-0.9214800000000044,1.070594316629789,8.775363251063844,35.32435744312403
0.34917900000000013,0.5510990000000001,0.0,2025-01-30 14:07:45.938,2078.0,122.0,-4.957470000000002,13.02693,5.857809999999996,-2.449579999999999,6.349360611313548,52.0439394369963,35.32435744312403
0.36398700000000017,0.5475450000000001,0.0,2025-01-30 14:07:46.060,2200.0,122.0,-3.9209099999999983,12.778149999999997,1.0365600000000033,-0.2487800000000035,1.0659963048716483,8.73767463009548,35.32435744312403
0.37251300000000015,0.5404210000000002,0.0,2025-01-30 14:07:46.182,2322.0,122.0,-3.32409,12.279470000000003,0.5968199999999984,-0.4986799999999931,0.7777376516538151,6.374898784047665,35.32435744312403
0.26895100000000016,0.49933300000000014,0.0,2025-01-30 14:07:46.305,2445.0,123.0,-10.573429999999998,9.403310000000005,-7.249339999999998,-2.8761600000000005,7.799052941299987,63.406934482113705,35.32435744312403
0.25704700000000014,0.5042550000000001,0.0,2025-01-30 14:07:46.427,2567.0,122.0,-11.40671,9.74785,-0.833280000000002,0.3445399999999985,0.9017002661638748,7.39098578822848,35.32435744312403
0.25524200000000014,0.5080510000000001,0.0,2025-01-30 14:07:46.549,2689.0,122.0,-11.53306,10.013570000000003,-0.1263500000000004,0.2657200000000017,0.2942302515038197,2.411723372982129,35.32435744312403
0.2506470000000002,0.5057380000000001,0.0,2025-01-30 14:07:46.671,2811.0,122.0,-11.85471,9.851660000000004,-0.3216499999999982,-0.1619100000000006,0.360102166891563,2.951657105668549,35.32435744312403
0.17733900000000014,0.38881500000000013,0.0,2025-01-30 14:07:46.916,3056.0,245.0,-16.98627,1.667050000000002,-5.131560000000002,-8.184610000000001,9.660266501794869,39.42965919099946,35.32435744312403
0.17441400000000012,0.43758700000000006,0.0,2025-01-30 14:07:47.038,3178.0,122.0,-17.19102,5.081089999999997,-0.2047500000000006,3.414039999999994,3.4201742183841986,28.034214904788517,35.32435744312403
0.15808200000000014,0.3865020000000001,0.0,2025-01-30 14:07:47.160,3300.0,122.0,-18.33426,1.5051400000000017,-1.1432399999999987,-3.5759499999999957,3.7542530682014448,30.77256613279873,35.32435744312403
0.21159700000000015,0.3393340000000001,0.0,2025-01-30 14:07:47.282,3422.0,122.0,-14.58821,-1.7966200000000017,3.74605,-3.301760000000004,4.993446675403676,40.92989078199734,35.32435744312403
0.20820200000000016,0.3019350000000001,0.0,2025-01-30 14:07:47.405,3545.0,123.0,-14.82586,-4.414549999999998,-0.2376499999999985,-2.6179299999999968,2.6286945443318404,21.371500360421464,35.32435744312403
0.20568800000000015,0.3005470000000001,0.0,2025-01-30 14:07:47.527,3667.0,122.0,-15.00184,-4.511709999999999,-0.1759800000000009,-0.0971600000000005,0.2010199641826662,1.6477046244480842,35.32435744312403
0.20935100000000018,0.2934700000000001,0.0,2025-01-30 14:07:47.650,3790.0,123.0,-14.74543,-5.007099999999999,0.2564100000000007,-0.4953899999999995,0.5578147902305925,4.535079595370672,35.32435744312403
0.21049000000000018,0.2872170000000001,0.0,2025-01-30 14:07:47.772,3912.0,122.0,-14.665699999999998,-5.44481,0.0797300000000014,-0.4377100000000009,0.4449122576418872,3.646821783949896,35.32435744312403
0.20686200000000016,0.2860310000000001,0.0,2025-01-30 14:07:47.894,4034.0,122.0,-14.91966,-5.527830000000001,-0.2539600000000028,-0.0830200000000012,0.2671853326812713,2.190043710502224,35.32435744312403
0.4608260000000002,0.3014920000000001,0.0,2025-01-30 14:07:48.016,4156.0,122.0,2.857820000000002,-4.44556,17.777480000000004,1.0822700000000005,17.810393131632445,145.98682894780694,35.32435744312403
0.4834120000000002,0.3064550000000001,0.0,2025-01-30 14:07:48.138,4278.0,122.0,4.438840000000002,-4.098150000000001,1.5810199999999996,0.3474099999999991,1.618739617263999,13.26835751855737,35.32435744312403
0.5042380000000002,0.2938430000000001,0.0,2025-01-30 14:07:48.260,4400.0,122.0,5.8966600000000025,-4.980990000000002,1.4578200000000008,-0.8828400000000007,1.704302091179848,13.969689271965969,35.32435744312403
0.5780810000000002,0.2613520000000001,0.0,2025-01-30 14:07:48.383,4523.0,123.0,11.065670000000004,-7.255360000000001,5.16901,-2.27437,5.647249177874127,45.91259494206607,35.32435744312403
0.6624490000000002,0.2199580000000001,0.0,2025-01-30 14:07:48.505,4645.0,122.0,16.97143,-10.15294,5.905759999999999,-2.89758,6.578295450494754,53.92045451225208,35.32435744312403
0.6715260000000002,0.2176110000000001,0.0,2025-01-30 14:07:48.628,4768.0,123.0,17.606820000000003,-10.31723,0.635390000000001,-0.1642899999999976,0.6562862608648763,5.3356606574380185,35.32435744312403
0.6819700000000002,0.2056480000000001,0.0,2025-01-30 14:07:48.749,4889.0,121.0,18.3379,-11.15464,0.7310799999999986,-0.8374100000000002,1.111635495340086,9.1870702094222,35.32435744312403
0.5681710000000002,0.42231700000000005,0.0,2025-01-30 14:07:48.872,5012.0,123.0,10.371970000000005,4.012189999999997,-7.965929999999997,15.166829999999996,17.131514031567665,139.28060188266394,35.32435744312403
0.5057450000000001,0.47992200000000007,0.0,2025-01-30 14:07:48.994,5134.0,122.0,6.002149999999997,8.044539999999998,-4.369820000000008,4.032350000000001,5.946021640971388,48.73788230304416,35.32435744312403
0.5040310000000001,0.49073200000000006,0.0,2025-01-30 14:07:49.116,5256.0,122.0,5.882169999999998,8.801239999999996,-0.119979999999999,0.7566999999999986,0.7661527852850224,6.279940862991987,35.32435744312403
0.5059170000000002,0.49813200000000013,0.0,2025-01-30 14:07:49.238,5378.0,122.0,6.014190000000001,9.319240000000002,0.1320200000000033,0.518000000000006,0.534558958768822,4.381630809580508,35.32435744312403
0.5036470000000002,0.4928910000000001,0.0,2025-01-30 14:07:49.360,5500.0,122.0,5.855290000000002,8.952369999999998,-0.1588999999999991,-0.366870000000004,0.399803460340206,3.277077543772181,35.32435744312403
0.3933800000000002,0.46715700000000016,0.0,2025-01-30 14:07:49.483,5623.0,123.0,-1.8633999999999984,7.150990000000004,-7.71869,-1.8013799999999949,7.926105299609638,64.4398804846312,35.32435744312403
0.26354000000000016,0.5566070000000001,0.0,2025-01-30 14:07:49.605,5745.0,122.0,-10.9522,13.412489999999998,-9.0888,6.2614999999999945,11.036877624129025,90.46621003384446,35.32435744312403
0.12675800000000015,0.6694060000000001,0.0,2025-01-30 14:07:49.727,5867.0,122.0,-20.52694,21.30842,-9.57474,7.89593,12.410534099405233,101.72568933938712,35.32435744312403
0.05647200000000016,0.6949270000000001,0.0,2025-01-30 14:07:49.850,5990.0,123.0,-25.44696,23.09489,-4.920019999999997,1.7864700000000011,5.234316752098595,42.555420748769066,35.32435744312403
0.04119600000000015,0.7029560000000001,0.0,2025-01-30 14:07:49.972,6112.0,122.0,-26.51628,23.656920000000003,-1.0693200000000047,0.5620300000000036,1.2080244133708615,9.90183945385952,35.32435744312403
0.08309200000000014,0.605759,0.0,2025-01-30 14:07:50.094,6234.0,122.0,-23.58356,16.853129999999997,2.9327200000000038,-6.803790000000006,7.4089408799436445,60.729023606095446,35.32435744312403
0.5228530000000001,0.5184420000000001,0.0,2025-01-30 14:07:50.338,6478.0,122.0,7.199709999999998,10.740939999999998,0.8378300000000003,1.7086300000000012,1.9029912206313524,15.59828869369961,35.32435744312403
0.4858340000000001,0.4661830000000001,0.0,2025-01-30 14:07:50.460,6600.0,122.0,4.608379999999997,7.082810000000002,-2.591330000000001,-3.658129999999996,4.482957312511461,36.745551741897216,35.32435744312403
0.29556100000000013,0.3125370000000001,0.0,2025-01-30 14:07:50.705,6845.0,245.0,-8.710730000000002,-3.672409999999999,-13.319109999999998,-10.75522,17.11938808604151,69.87505341241433,35.32435744312403
0.2992710000000002,0.3521380000000001,0.0,2025-01-30 14:07:50.828,6968.0,123.0,-8.451029999999998,-0.9003399999999989,0.259700000000004,2.77207,2.7842083569481653,22.63584030039159,35.32435744312403
0.24527600000000016,0.3358100000000001,0.0,2025-01-30 14:07:50.950,7090.0,122.0,-12.23068,-2.0432999999999995,-3.779650000000002,-1.1429600000000004,3.94868480434942,32.36626888811,35.32435744312403
0.21655000000000013,0.3310770000000001,0.0,2025-01-30 14:07:51.072,7212.0,122.0,-14.241500000000002,-2.3746099999999988,-2.0108200000000025,-0.3313099999999993,2.037931154013798,16.704353721424575,35.32435744312403
0.24399600000000016,0.3387230000000001,0.0,2025-01-30 14:07:51.194,7334.0,122.0,-12.32028,-1.83939,1.9212200000000017,0.5352199999999991,1.994378784684596,16.347367087578654,35.32435744312403
0.26346300000000017,0.3467060000000001,0.0,2025-01-30 14:07:51.316,7456.0,122.0,-10.957589999999998,-1.2805799999999985,1.3626900000000024,0.5588100000000014,1.4728179290733827,12.072278107158876,35.32435744312403
0.27844500000000016,0.3312250000000001,0.0,2025-01-30 14:07:51.439,7579.0,123.0,-9.90885,-2.36425,1.048739999999999,-1.083670000000002,1.5080438509870997,12.260519113716258,35.32435744312403
0.26129100000000016,0.3088080000000001,0.0,2025-01-30 14:07:51.560,7700.0,121.0,-11.10963,-3.9334400000000014,-1.20078,-1.5691900000000012,1.9759124131651191,16.329854654257183,35.32435744312403
0.24720100000000017,0.2984190000000001,0.0,2025-01-30 14:07:51.683,7823.0,123.0,-12.09593,-4.66067,-0.9863,-0.7272299999999983,1.2254187704209518,9.962754231064649,35.32435744312403
0.24421500000000013,0.2915500000000001,0.0,2025-01-30 14:07:51.805,7945.0,122.0,-12.304950000000002,-5.141500000000001,-0.2090200000000024,-0.480830000000001,0.5242965280258891,4.29751252480237,35.32435744312403
0.22109500000000015,0.2786990000000001,0.0,2025-01-30 14:07:51.928,8068.0,123.0,-13.92335,-6.041070000000001,-1.6183999999999976,-0.8995700000000006,1.8516059907280475,15.053707241691445,35.32435744312403
0.011061000000000154,0.4312600000000001,0.0,2025-01-30 14:07:52.172,8312.0,244.0,-28.62573,4.638199999999999,-14.702380000000002,10.67927,18.171592813985797,74.47374104092539,35.32435744312403
0.07425800000000016,0.510372,0.0,2025-01-30 14:07:52.295,8435.0,123.0,-24.20194,10.176039999999997,4.42379,5.537839999999997,7.087848039405189,57.62478080817227,35.32435744312403
0.11451600000000015,0.4770090000000001,0.0,2025-01-30 14:07:52.416,8556.0,121.0,-21.38388,7.840630000000002,2.8180600000000027,-2.335409999999995,3.660000277554633,30.247936178137465,35.32435744312403
0.13272700000000015,0.47944600000000015,0.0,2025-01-30 14:07:52.539,8679.0,123.0,-20.10911,8.011220000000003,1.2747699999999966,0.1705900000000015,1.2861335471093165,10.456370301701758,35.32435744312403
0.31057600000000013,0.44584800000000013,0.0,2025-01-30 14:07:52.661,8801.0,122.0,-7.659680000000002,5.659360000000002,12.44943,-2.351860000000001,12.669631122668884,103.84943543171217,35.32435744312403
0.3781200000000002,0.47929600000000006,0.0,2025-01-30 14:07:52.783,8923.0,122.0,-2.931599999999998,8.000719999999998,4.728080000000004,2.3413599999999954,5.276050334862246,43.24631422018235,35.32435744312403
0.41504000000000013,0.49741800000000014,0.0,2025-01-30 14:07:52.905,9045.0,122.0,-0.3472000000000014,9.269260000000004,2.584399999999997,1.268540000000005,2.878943745820678,23.5978995559072,35.32435744312403
0.42192300000000016,0.4980620000000001,0.0,2025-01-30 14:07:53.028,9168.0,123.0,0.1346100000000005,9.31434,0.4818100000000019,0.0450799999999986,0.4839143338443301,3.9342628767831713,35.32435744312403
0.4704250000000002,0.4813390000000001,0.0,2025-01-30 14:07:53.150,9290.0,122.0,3.5297500000000035,8.143729999999998,3.395140000000003,-1.1706100000000037,3.591281580675627,29.436734267833007,35.32435744312403
0.5190900000000002,0.4881320000000001,0.0,2025-01-30 14:07:53.271,9411.0,121.0,6.936300000000001,8.619240000000001,3.406549999999997,0.4755100000000034,3.4395773959310736,28.426259470504743,35.32435744312403
0.6351430000000001,0.4837340000000001,0.0,2025-01-30 14:07:53.393,9533.0,122.0,15.060009999999998,8.31138,8.123709999999997,-0.3078600000000016,8.129541312011394,66.63558452468355,35.32435744312403
0.6531090000000002,0.4760050000000001,0.0,2025-01-30 14:07:53.515,9655.0,122.0,16.31763,7.770350000000001,1.2576200000000028,-0.5410299999999983,1.369058627415205,11.221792027993484,35.32435744312403
0.6847540000000002,0.4816560000000001,0.0,2025-01-30 14:07:53.638,9778.0,123.0,18.53278,8.165919999999998,2.2151500000000013,0.3955699999999966,2.2501922467647075,18.29424590865616,35.32435744312403
0.6875890000000001,0.47773600000000005,0.0,2025-01-30 14:07:53.760,9900.0,122.0,18.73123,7.891519999999996,0.198449999999994,-0.2744000000000017,0.3386410525910858,2.775746332713818,35.32435744312403
0.5089890000000001,0.4900120000000001,0.0,2025-01-30 14:07:53.882,10022.0,122.0,6.229229999999999,8.75084,-12.501999999999995,0.8593200000000039,12.531497710265915,102.71719434644194,35.32435744312403
0.34091500000000013,0.5781780000000001,0.0,2025-01-30 14:07:54.004,10144.0,122.0,-5.5359500000000015,14.92246,-11.76518,6.171619999999999,13.285644653414453,108.89872666733156,35.32435744312403
0.20041600000000015,0.5060270000000001,0.0,2025-01-30 14:07:54.127,10267.0,123.0,-15.37088,9.87189,-9.834929999999998,-5.050569999999999,11.05595339307289,89.88579994368203,35.32435744312403
0.20165000000000016,0.5006910000000001,0.0,2025-01-30 14:07:54.250,10390.0,123.0,-15.2845,9.49837,0.0863800000000001,-0.3735199999999992,0.3833780051072301,3.116894350465285,35.32435744312403
0.23205500000000018,0.4959150000000001,0.0,2025-01-30 14:07:54.372,10512.0,122.0,-13.156149999999998,9.16405,2.128350000000001,-0.3343200000000017,2.1544473966425834,17.65940489051298,35.32435744312403
0.23157400000000017,0.47022600000000014,0.0,2025-01-30 14:07:54.494,10634.0,122.0,-13.18982,7.365820000000003,-0.0336700000000007,-1.7982299999999969,1.798545190369146,14.742173691550375,35.32435744312403
0.15959900000000016,0.4655340000000001,0.0,2025-01-30 14:07:54.616,10756.0,122.0,-18.22807,7.037380000000001,-5.03825,-0.3284400000000023,5.048944037727097,41.3847871944844,35.32435744312403
0.15956500000000015,0.4795940000000001,0.0,2025-01-30 14:07:54.739,10879.0,123.0,-18.23045,8.021579999999998,-0.0023799999999987,0.9841999999999976,0.9842028776629316,8.001649411893753,35.32435744312403
0.15899400000000016,0.4855870000000001,0.0,2025-01-30 14:07:54.860,11000.0,121.0,-18.27042,8.441089999999999,-0.0399700000000002,0.4195100000000007,0.4214098254668496,3.482725830304542,35.32435744312403
0.34244000000000013,0.49114500000000005,0.0,2025-01-30 14:07:54.983,11123.0,123.0,-5.429200000000002,8.830149999999996,12.841219999999996,0.3890599999999971,12.847112468255265,104.44806884760378,35.32435744312403
0.3949690000000001,0.48853400000000013,0.0,2025-01-30 14:07:55.105,11245.0,122.0,-1.7521700000000018,8.647380000000002,3.67703,-0.1827699999999943,3.681569569327734,30.176799748587985,35.32435744312403
0.40361100000000016,0.47860000000000014,0.0,2025-01-30 14:07:55.228,11368.0,123.0,-1.147229999999999,7.952000000000003,0.6049400000000027,-0.6953799999999992,0.9216863609710204,7.493385048544882,35.32435744312403
0.40436100000000014,0.47746900000000014,0.0,2025-01-30 14:07:55.349,11489.0,121.0,-1.094730000000001,7.872830000000003,0.0524999999999979,-0.0791699999999995,0.094995467786625,0.7850865106332646,35.32435744312403
0.41262400000000016,0.48782100000000006,0.0,2025-01-30 14:07:55.471,11611.0,122.0,-0.5163199999999996,8.597469999999998,0.5784100000000015,0.7246399999999946,0.9271791939533556,7.599829458634061,35.32435744312403
0.3403990000000002,0.5306260000000002,0.0,2025-01-30 14:07:55.593,11733.0,122.0,-5.572069999999998,11.593820000000004,-5.055749999999999,2.9963500000000067,5.876965321064948,48.17184689397498,35.32435744312403
0.37652300000000016,0.5238960000000001,0.0,2025-01-30 14:07:55.716,11856.0,123.0,-3.043389999999999,11.122720000000005,2.528679999999999,-0.4711000000000016,2.5721892917124114,20.912108062702533,35.32435744312403
0.3899730000000001,0.525997,0.0,2025-01-30 14:07:55.839,11979.0,123.0,-2.101890000000002,11.269789999999997,0.9414999999999972,0.147069999999994,0.9529175383526076,7.747297059777297,35.32435744312403
0.39564200000000016,0.5033190000000001,0.0,2025-01-30 14:07:55.960,12100.0,121.0,-1.7050599999999994,9.68233,0.3968300000000024,-1.5874599999999983,1.6363078257161752,13.52320517120806,35.32435744312403
0.4994350000000002,0.5313120000000001,0.0,2025-01-30 14:07:56.083,12223.0,123.0,5.560450000000002,11.641840000000002,7.265510000000002,1.9595100000000036,7.5251122915342625,61.17977472792084,35.32435744312403
0.48900100000000013,0.4448540000000001,0.0,2025-01-30 14:07:56.205,12345.0,122.0,4.830069999999998,5.589779999999998,-0.7303800000000038,-6.052060000000004,6.095972866409434,49.96699070827405,35.32435744312403
0.5160320000000002,0.4923590000000001,0.0,2025-01-30 14:07:56.327,12467.0,122.0,6.72224,8.91513,1.892170000000002,3.325350000000001,3.825997900077837,31.36063852522817,35.32435744312403
0.4601590000000001,0.45011500000000015,0.0,2025-01-30 14:07:56.450,12590.0,123.0,2.811129999999996,5.958050000000004,-3.911110000000004,-2.957079999999996,4.90317280528639,39.86319353891374,35.32435744312403
0.21078700000000017,0.38200900000000015,0.0,2025-01-30 14:07:56.572,12712.0,122.0,-14.64491,1.1906300000000036,-17.456039999999994,-4.76742,18.09534818504468,148.32252610692362,35.32435744312403
0.20258900000000013,0.3597470000000001,0.0,2025-01-30 14:07:56.694,12834.0,122.0,-15.21877,-0.3677100000000005,-0.5738600000000016,-1.5583400000000045,1.66064410853139,13.611836955175328,35.32435744312403
0.27713400000000016,0.3412750000000001,0.0,2025-01-30 14:07:56.816,12956.0,122.0,-10.00062,-1.6607499999999995,5.218150000000001,-1.293039999999999,5.375968923282575,44.0653190432998,35.32435744312403
0.29046500000000014,0.3448940000000001,0.0,2025-01-30 14:07:56.938,13078.0,122.0,-9.06745,-1.407420000000001,0.9331699999999988,0.2533299999999987,0.9669448473413552,7.925777437224224,35.32435744312403
0.29449600000000015,0.3425450000000001,0.0,2025-01-30 14:07:57.061,13201.0,123.0,-8.78528,-1.5718500000000002,0.2821700000000007,-0.1644299999999992,0.3265840378830541,2.6551547795370256,35.32435744312403
0.24804300000000012,0.3252740000000001,0.0,2025-01-30 14:07:57.183,13323.0,122.0,-12.03699,-2.780819999999999,-3.251710000000001,-1.2089699999999988,3.469182379898757,28.43592114671112,35.32435744312403
0.23720100000000016,0.3133360000000001,0.0,2025-01-30 14:07:57.305,13445.0,122.0,-12.795929999999998,-3.6164799999999993,-0.7589399999999973,-0.8356600000000003,1.128856748750698,9.252924170087688,35.32435744312403
0.07360700000000014,0.2961300000000001,0.0,2025-01-30 14:07:57.428,13568.0,123.0,-24.24751,-4.820899999999999,-11.451580000000003,-1.2044199999999998,11.51474324649925,93.61579875202642,35.32435744312403
0.07150400000000015,0.2987090000000001,0.0,2025-01-30 14:07:57.549,13689.0,121.0,-24.394720000000003,-4.640369999999999,-0.1472100000000011,0.18053,0.2329417631082936,1.925138538085071,35.32435744312403
0.5745130000000002,0.2915030000000001,0.0,2025-01-30 14:07:57.794,13934.0,122.0,10.81591,-5.144789999999999,0.2067099999999992,0.1193500000000007,0.2386911112714503,1.9564845186184447,35.32435744312403
0.4881930000000001,0.2899170000000001,0.0,2025-01-30 14:07:57.916,14056.0,122.0,4.773509999999996,-5.25581,-6.042400000000004,-0.1110200000000016,6.043419826588258,49.536228086789,35.32435744312403
0.4475380000000001,0.2671960000000001,0.0,2025-01-30 14:07:58.039,14179.0,123.0,1.9276599999999968,-6.84628,-2.8458499999999995,-1.5904699999999998,3.260131445724236,26.50513370507509,35.32435744312403
0.45633100000000015,0.2696980000000001,0.0,2025-01-30 14:07:58.161,14301.0,122.0,2.54317,-6.671139999999999,0.6155100000000033,0.1751400000000007,0.6399426378199881,5.245431457540885,35.32435744312403
0.4369510000000002,0.3092200000000001,0.0,2025-01-30 14:07:58.283,14423.0,122.0,1.1865700000000037,-3.9046,-1.3565999999999965,2.76654,3.0812509037077764,25.2561549484244,35.32435744312403
0.36869400000000013,0.2641530000000001,0.0,2025-01-30 14:07:58.405,14545.0,122.0,-3.591420000000001,-7.059290000000002,-4.777990000000004,-3.1546900000000018,5.725491894693421,46.93026143191329,35.32435744312403
0.21864400000000017,0.3387180000000001,0.0,2025-01-30 14:07:58.651,14791.0,246.0,-14.094919999999998,-1.839740000000002,-10.503499999999995,5.21955,11.7289050832761,47.67847594827683,35.32435744312403
0.18509800000000015,0.2594170000000001,0.0,2025-01-30 14:07:58.895,15035.0,244.0,-16.44314,-7.390809999999998,-2.3482200000000013,-5.551069999999997,6.027314104416657,24.702106985314167,35.32435744312403
0.17209200000000013,0.3447870000000001,0.0,2025-01-30 14:07:59.016,15156.0,121.0,-17.35356,-1.4149099999999986,-0.910420000000002,5.975899999999999,6.04485280105314,49.95746116572843,35.32435744312403
0.7050640000000001,0.2680620000000001,0.0,2025-01-30 14:07:59.383,15523.0,122.0,19.95448,-6.785660000000002,-5.84066,0.2334499999999986,5.845323612777996,47.91248862932784,35.32435744312403
0.7348160000000001,0.2752020000000001,0.0,2025-01-30 14:07:59.506,15646.0,123.0,22.03712,-6.28586,2.082639999999998,0.4998000000000022,2.141772492493073,17.412784491813603,35.32435744312403
0.6037580000000001,0.3196730000000001,0.0,2025-01-30 14:07:59.627,15767.0,121.0,12.86306,-3.1728900000000007,-9.17406,3.112969999999999,9.687825303157563,80.06467192692203,35.32435744312403
0.5885780000000002,0.3366470000000001,0.0,2025-01-30 14:07:59.750,15890.0,123.0,11.80046,-1.984710000000001,-1.062599999999998,1.1881799999999996,1.5940170866085452,12.959488509012562,35.32435744312403
0.5809450000000002,0.3940650000000001,0.0,2025-01-30 14:07:59.873,16013.000000000002,123.00000000000182,11.26615,2.0345500000000003,-0.5343100000000014,4.019260000000001,4.0546193562034905,32.96438500978398,35.32435744312403
0.5573680000000002,0.41759900000000005,0.0,2025-01-30 14:07:59.995,16135.000000000002,122.0,9.615760000000003,3.681929999999997,-1.6503899999999962,1.6473799999999963,2.3318765011252154,19.113741812501765,35.32435744312403
0.46443100000000015,0.4577310000000001,0.0,2025-01-30 14:08:00.117,16257.000000000002,122.0,3.11017,6.49117,-6.505590000000003,2.8092400000000035,7.086221180975095,58.083780171927,35.32435744312403
0.4226780000000001,0.510044,0.0,2025-01-30 14:08:00.240,16379.999999999998,122.99999999999636,0.187459999999997,10.153079999999996,-2.922710000000003,3.6619099999999953,4.685276789283637,38.09168121368923,35.32435744312403
0.20412400000000014,0.516013,0.0,2025-01-30 14:08:00.362,16502.0,122.00000000000182,-15.11132,10.570909999999996,-15.298779999999995,0.4178300000000003,15.304484682513811,125.44659575830808,35.32435744312403
0.19161800000000018,0.5150080000000001,0.0,2025-01-30 14:08:00.484,16624.0,122.0,-15.986739999999998,10.500560000000002,-0.8754199999999965,-0.0703499999999941,0.8782421641551909,7.1987062635671375,35.32435744312403
0.18260800000000016,0.5256500000000001,0.0,2025-01-30 14:08:00.606,16746.0,122.0,-16.61744,11.245499999999996,-0.6307000000000009,0.7449399999999944,0.9760727911380344,8.000596648672413,35.32435744312403
0.18824600000000014,0.5190550000000002,0.0,2025-01-30 14:08:00.729,16869.0,123.0,-16.22278,10.783850000000005,0.3946599999999982,-0.4616499999999917,0.6073526472322245,4.937826400261987,35.32435744312403
0.18107000000000018,0.5118070000000001,0.0,2025-01-30 14:08:00.852,16992.0,123.0,-16.725099999999998,10.27649,-0.5023199999999974,-0.5073600000000038,0.7139604694939358,5.804556662552324,35.32435744312403
0.24582500000000013,0.4217940000000001,0.0,2025-01-30 14:08:01.096,17236.0,244.0,-12.19225,3.975580000000001,4.532849999999996,-6.30091,7.761971138222556,31.811357123862933,35.32435744312403
0.30398000000000014,0.45155500000000015,0.0,2025-01-30 14:08:01.218,17358.0,122.0,-8.121400000000001,6.058850000000003,4.07085,2.0832700000000024,4.572945835607504,37.483162586946754,35.32435744312403
0.4310980000000002,0.37949100000000013,0.0,2025-01-30 14:08:01.340,17480.0,122.0,0.7768600000000037,1.0143700000000022,8.898260000000004,-5.044480000000001,10.22867584284496,83.84160526922099,35.32435744312403
0.5003980000000001,0.3302410000000001,0.0,2025-01-30 14:08:01.462,17602.0,122.0,5.627859999999998,-2.433129999999999,4.850999999999995,-3.447500000000001,5.951256779034153,48.78079327077174,35.32435744312403
0.4958830000000002,0.2425560000000001,0.0,2025-01-30 14:08:01.584,17724.0,122.0,5.311810000000002,-8.57108,-0.3160499999999961,-6.137950000000002,6.146081500029105,50.377717213353314,35.32435744312403
0.48841800000000013,0.14728400000000008,0.0,2025-01-30 14:08:01.707,17847.0,123.0,4.789259999999999,-15.24012,-0.5225500000000034,-6.669040000000001,6.689480773879241,54.38602255186375,35.32435744312403
0.5136100000000001,0.2981170000000001,0.0,2025-01-30 14:08:01.830,17970.0,123.0,6.552699999999998,-4.681810000000002,1.7634399999999992,10.55831,10.704561209582575,87.02895292343557,35.32435744312403
0.4967210000000002,0.2573490000000001,0.0,2025-01-30 14:08:01.951,18091.0,121.0,5.370470000000003,-7.53557,-1.1822299999999952,-2.8537599999999976,3.0889502926560626,25.52851481533936,35.32435744312403
0.39889200000000014,0.3455320000000001,0.0,2025-01-30 14:08:02.073,18213.0,122.0,-1.477560000000001,-1.3627599999999989,-6.848030000000004,6.172810000000001,9.2194955489441,75.56963564708279,35.32435744312403
0.4226890000000002,0.3717480000000001,0.0,2025-01-30 14:08:02.196,18336.0,123.0,0.1882300000000036,0.4723599999999983,1.6657900000000048,1.8351199999999968,2.47841113185444,20.149683998816585,35.32435744312403
